{
 "cells": [
  {
   "cell_type": "code",
   "execution_count": 65,
   "metadata": {},
   "outputs": [],
   "source": [
    "%run Import_Utilities.py"
   ]
  },
  {
   "cell_type": "code",
   "execution_count": 66,
   "metadata": {},
   "outputs": [
    {
     "name": "stderr",
     "output_type": "stream",
     "text": [
      "C:\\Users\\Ukiah\\anaconda3\\lib\\site-packages\\IPython\\core\\interactiveshell.py:3063: DtypeWarning: Columns (6) have mixed types.Specify dtype option on import or set low_memory=False.\n",
      "  interactivity=interactivity, compiler=compiler, result=result)\n"
     ]
    }
   ],
   "source": [
    "os.chdir('C:\\\\Users\\\\Ukiah\\\\Desktop\\\\Hobby\\\\NBA Project\\\\Data')\n",
    "games = pd.read_csv('games.csv')\n",
    "players = pd.read_csv('players.csv')\n",
    "rankings = pd.read_csv('ranking.csv')\n",
    "teams =  pd.read_csv('teams.csv')\n",
    "games_details = pd.read_csv('games_details.csv')\n",
    "os.chdir('C:\\\\Users\\\\Ukiah\\\\Desktop\\\\Hobby\\\\NBA Project\\\\Code')"
   ]
  },
  {
   "cell_type": "code",
   "execution_count": 39,
   "metadata": {},
   "outputs": [
    {
     "data": {
      "text/html": [
       "<div>\n",
       "<style scoped>\n",
       "    .dataframe tbody tr th:only-of-type {\n",
       "        vertical-align: middle;\n",
       "    }\n",
       "\n",
       "    .dataframe tbody tr th {\n",
       "        vertical-align: top;\n",
       "    }\n",
       "\n",
       "    .dataframe thead th {\n",
       "        text-align: right;\n",
       "    }\n",
       "</style>\n",
       "<table border=\"1\" class=\"dataframe\">\n",
       "  <thead>\n",
       "    <tr style=\"text-align: right;\">\n",
       "      <th></th>\n",
       "      <th>GAME_ID</th>\n",
       "      <th>HOME_TEAM_ID</th>\n",
       "      <th>VISITOR_TEAM_ID</th>\n",
       "      <th>SEASON</th>\n",
       "      <th>TEAM_ID_home</th>\n",
       "      <th>PTS_home</th>\n",
       "      <th>FG_PCT_home</th>\n",
       "      <th>FT_PCT_home</th>\n",
       "      <th>FG3_PCT_home</th>\n",
       "      <th>AST_home</th>\n",
       "      <th>REB_home</th>\n",
       "      <th>TEAM_ID_away</th>\n",
       "      <th>PTS_away</th>\n",
       "      <th>FG_PCT_away</th>\n",
       "      <th>FT_PCT_away</th>\n",
       "      <th>FG3_PCT_away</th>\n",
       "      <th>AST_away</th>\n",
       "      <th>REB_away</th>\n",
       "      <th>HOME_TEAM_WINS</th>\n",
       "    </tr>\n",
       "  </thead>\n",
       "  <tbody>\n",
       "    <tr>\n",
       "      <th>GAME_ID</th>\n",
       "      <td>1.000000</td>\n",
       "      <td>-0.026348</td>\n",
       "      <td>-0.031471</td>\n",
       "      <td>0.095721</td>\n",
       "      <td>-0.026348</td>\n",
       "      <td>0.033727</td>\n",
       "      <td>0.018384</td>\n",
       "      <td>0.036256</td>\n",
       "      <td>-0.004041</td>\n",
       "      <td>-0.032486</td>\n",
       "      <td>-0.006294</td>\n",
       "      <td>-0.031471</td>\n",
       "      <td>0.004002</td>\n",
       "      <td>0.005716</td>\n",
       "      <td>0.033366</td>\n",
       "      <td>-0.002642</td>\n",
       "      <td>-0.042501</td>\n",
       "      <td>-0.024355</td>\n",
       "      <td>0.030402</td>\n",
       "    </tr>\n",
       "    <tr>\n",
       "      <th>HOME_TEAM_ID</th>\n",
       "      <td>-0.026348</td>\n",
       "      <td>1.000000</td>\n",
       "      <td>-0.045911</td>\n",
       "      <td>0.000461</td>\n",
       "      <td>1.000000</td>\n",
       "      <td>-0.024372</td>\n",
       "      <td>-0.008239</td>\n",
       "      <td>-0.009983</td>\n",
       "      <td>0.002748</td>\n",
       "      <td>-0.097061</td>\n",
       "      <td>-0.026674</td>\n",
       "      <td>-0.045911</td>\n",
       "      <td>-0.006496</td>\n",
       "      <td>0.022197</td>\n",
       "      <td>0.016042</td>\n",
       "      <td>0.015525</td>\n",
       "      <td>-0.066744</td>\n",
       "      <td>-0.025784</td>\n",
       "      <td>-0.023604</td>\n",
       "    </tr>\n",
       "    <tr>\n",
       "      <th>VISITOR_TEAM_ID</th>\n",
       "      <td>-0.031471</td>\n",
       "      <td>-0.045911</td>\n",
       "      <td>1.000000</td>\n",
       "      <td>0.002195</td>\n",
       "      <td>-0.045911</td>\n",
       "      <td>-0.000120</td>\n",
       "      <td>0.035072</td>\n",
       "      <td>0.004108</td>\n",
       "      <td>0.017292</td>\n",
       "      <td>0.018287</td>\n",
       "      <td>-0.002759</td>\n",
       "      <td>1.000000</td>\n",
       "      <td>-0.032583</td>\n",
       "      <td>-0.026651</td>\n",
       "      <td>-0.018476</td>\n",
       "      <td>-0.022625</td>\n",
       "      <td>-0.013180</td>\n",
       "      <td>-0.010262</td>\n",
       "      <td>0.030571</td>\n",
       "    </tr>\n",
       "    <tr>\n",
       "      <th>SEASON</th>\n",
       "      <td>0.095721</td>\n",
       "      <td>0.000461</td>\n",
       "      <td>0.002195</td>\n",
       "      <td>1.000000</td>\n",
       "      <td>0.000461</td>\n",
       "      <td>0.345022</td>\n",
       "      <td>0.039355</td>\n",
       "      <td>0.065950</td>\n",
       "      <td>0.024126</td>\n",
       "      <td>0.192337</td>\n",
       "      <td>0.162529</td>\n",
       "      <td>0.002195</td>\n",
       "      <td>0.378888</td>\n",
       "      <td>0.073299</td>\n",
       "      <td>0.066808</td>\n",
       "      <td>0.020564</td>\n",
       "      <td>0.255330</td>\n",
       "      <td>0.199832</td>\n",
       "      <td>-0.028197</td>\n",
       "    </tr>\n",
       "    <tr>\n",
       "      <th>TEAM_ID_home</th>\n",
       "      <td>-0.026348</td>\n",
       "      <td>1.000000</td>\n",
       "      <td>-0.045911</td>\n",
       "      <td>0.000461</td>\n",
       "      <td>1.000000</td>\n",
       "      <td>-0.024372</td>\n",
       "      <td>-0.008239</td>\n",
       "      <td>-0.009983</td>\n",
       "      <td>0.002748</td>\n",
       "      <td>-0.097061</td>\n",
       "      <td>-0.026674</td>\n",
       "      <td>-0.045911</td>\n",
       "      <td>-0.006496</td>\n",
       "      <td>0.022197</td>\n",
       "      <td>0.016042</td>\n",
       "      <td>0.015525</td>\n",
       "      <td>-0.066744</td>\n",
       "      <td>-0.025784</td>\n",
       "      <td>-0.023604</td>\n",
       "    </tr>\n",
       "    <tr>\n",
       "      <th>PTS_home</th>\n",
       "      <td>0.033727</td>\n",
       "      <td>-0.024372</td>\n",
       "      <td>-0.000120</td>\n",
       "      <td>0.345022</td>\n",
       "      <td>-0.024372</td>\n",
       "      <td>1.000000</td>\n",
       "      <td>0.661964</td>\n",
       "      <td>0.184323</td>\n",
       "      <td>0.423277</td>\n",
       "      <td>0.601088</td>\n",
       "      <td>0.163020</td>\n",
       "      <td>-0.000120</td>\n",
       "      <td>0.483321</td>\n",
       "      <td>0.128207</td>\n",
       "      <td>0.069504</td>\n",
       "      <td>0.057260</td>\n",
       "      <td>0.208445</td>\n",
       "      <td>-0.139219</td>\n",
       "      <td>0.398901</td>\n",
       "    </tr>\n",
       "    <tr>\n",
       "      <th>FG_PCT_home</th>\n",
       "      <td>0.018384</td>\n",
       "      <td>-0.008239</td>\n",
       "      <td>0.035072</td>\n",
       "      <td>0.039355</td>\n",
       "      <td>-0.008239</td>\n",
       "      <td>0.661964</td>\n",
       "      <td>1.000000</td>\n",
       "      <td>0.018565</td>\n",
       "      <td>0.449595</td>\n",
       "      <td>0.549268</td>\n",
       "      <td>-0.188445</td>\n",
       "      <td>0.035072</td>\n",
       "      <td>0.114863</td>\n",
       "      <td>0.039905</td>\n",
       "      <td>0.030386</td>\n",
       "      <td>0.014223</td>\n",
       "      <td>0.013061</td>\n",
       "      <td>-0.464576</td>\n",
       "      <td>0.433626</td>\n",
       "    </tr>\n",
       "    <tr>\n",
       "      <th>FT_PCT_home</th>\n",
       "      <td>0.036256</td>\n",
       "      <td>-0.009983</td>\n",
       "      <td>0.004108</td>\n",
       "      <td>0.065950</td>\n",
       "      <td>-0.009983</td>\n",
       "      <td>0.184323</td>\n",
       "      <td>0.018565</td>\n",
       "      <td>1.000000</td>\n",
       "      <td>0.028656</td>\n",
       "      <td>0.018711</td>\n",
       "      <td>-0.052373</td>\n",
       "      <td>0.004108</td>\n",
       "      <td>0.075251</td>\n",
       "      <td>0.046824</td>\n",
       "      <td>0.036861</td>\n",
       "      <td>0.021528</td>\n",
       "      <td>0.029812</td>\n",
       "      <td>-0.115124</td>\n",
       "      <td>0.092710</td>\n",
       "    </tr>\n",
       "    <tr>\n",
       "      <th>FG3_PCT_home</th>\n",
       "      <td>-0.004041</td>\n",
       "      <td>0.002748</td>\n",
       "      <td>0.017292</td>\n",
       "      <td>0.024126</td>\n",
       "      <td>0.002748</td>\n",
       "      <td>0.423277</td>\n",
       "      <td>0.449595</td>\n",
       "      <td>0.028656</td>\n",
       "      <td>1.000000</td>\n",
       "      <td>0.351811</td>\n",
       "      <td>-0.087723</td>\n",
       "      <td>0.017292</td>\n",
       "      <td>0.046740</td>\n",
       "      <td>0.008265</td>\n",
       "      <td>0.015199</td>\n",
       "      <td>-0.001993</td>\n",
       "      <td>-0.002371</td>\n",
       "      <td>-0.201855</td>\n",
       "      <td>0.300804</td>\n",
       "    </tr>\n",
       "    <tr>\n",
       "      <th>AST_home</th>\n",
       "      <td>-0.032486</td>\n",
       "      <td>-0.097061</td>\n",
       "      <td>0.018287</td>\n",
       "      <td>0.192337</td>\n",
       "      <td>-0.097061</td>\n",
       "      <td>0.601088</td>\n",
       "      <td>0.549268</td>\n",
       "      <td>0.018711</td>\n",
       "      <td>0.351811</td>\n",
       "      <td>1.000000</td>\n",
       "      <td>0.066332</td>\n",
       "      <td>0.018287</td>\n",
       "      <td>0.183636</td>\n",
       "      <td>0.006043</td>\n",
       "      <td>0.026035</td>\n",
       "      <td>-0.006692</td>\n",
       "      <td>0.142278</td>\n",
       "      <td>-0.108505</td>\n",
       "      <td>0.303889</td>\n",
       "    </tr>\n",
       "    <tr>\n",
       "      <th>REB_home</th>\n",
       "      <td>-0.006294</td>\n",
       "      <td>-0.026674</td>\n",
       "      <td>-0.002759</td>\n",
       "      <td>0.162529</td>\n",
       "      <td>-0.026674</td>\n",
       "      <td>0.163020</td>\n",
       "      <td>-0.188445</td>\n",
       "      <td>-0.052373</td>\n",
       "      <td>-0.087723</td>\n",
       "      <td>0.066332</td>\n",
       "      <td>1.000000</td>\n",
       "      <td>-0.002759</td>\n",
       "      <td>-0.152464</td>\n",
       "      <td>-0.474556</td>\n",
       "      <td>-0.115795</td>\n",
       "      <td>-0.205682</td>\n",
       "      <td>-0.100354</td>\n",
       "      <td>0.068494</td>\n",
       "      <td>0.246358</td>\n",
       "    </tr>\n",
       "    <tr>\n",
       "      <th>TEAM_ID_away</th>\n",
       "      <td>-0.031471</td>\n",
       "      <td>-0.045911</td>\n",
       "      <td>1.000000</td>\n",
       "      <td>0.002195</td>\n",
       "      <td>-0.045911</td>\n",
       "      <td>-0.000120</td>\n",
       "      <td>0.035072</td>\n",
       "      <td>0.004108</td>\n",
       "      <td>0.017292</td>\n",
       "      <td>0.018287</td>\n",
       "      <td>-0.002759</td>\n",
       "      <td>1.000000</td>\n",
       "      <td>-0.032583</td>\n",
       "      <td>-0.026651</td>\n",
       "      <td>-0.018476</td>\n",
       "      <td>-0.022625</td>\n",
       "      <td>-0.013180</td>\n",
       "      <td>-0.010262</td>\n",
       "      <td>0.030571</td>\n",
       "    </tr>\n",
       "    <tr>\n",
       "      <th>PTS_away</th>\n",
       "      <td>0.004002</td>\n",
       "      <td>-0.006496</td>\n",
       "      <td>-0.032583</td>\n",
       "      <td>0.378888</td>\n",
       "      <td>-0.006496</td>\n",
       "      <td>0.483321</td>\n",
       "      <td>0.114863</td>\n",
       "      <td>0.075251</td>\n",
       "      <td>0.046740</td>\n",
       "      <td>0.183636</td>\n",
       "      <td>-0.152464</td>\n",
       "      <td>-0.032583</td>\n",
       "      <td>1.000000</td>\n",
       "      <td>0.669054</td>\n",
       "      <td>0.201684</td>\n",
       "      <td>0.409656</td>\n",
       "      <td>0.591523</td>\n",
       "      <td>0.176835</td>\n",
       "      <td>-0.415491</td>\n",
       "    </tr>\n",
       "    <tr>\n",
       "      <th>FG_PCT_away</th>\n",
       "      <td>0.005716</td>\n",
       "      <td>0.022197</td>\n",
       "      <td>-0.026651</td>\n",
       "      <td>0.073299</td>\n",
       "      <td>0.022197</td>\n",
       "      <td>0.128207</td>\n",
       "      <td>0.039905</td>\n",
       "      <td>0.046824</td>\n",
       "      <td>0.008265</td>\n",
       "      <td>0.006043</td>\n",
       "      <td>-0.474556</td>\n",
       "      <td>-0.026651</td>\n",
       "      <td>0.669054</td>\n",
       "      <td>1.000000</td>\n",
       "      <td>0.038309</td>\n",
       "      <td>0.435279</td>\n",
       "      <td>0.524138</td>\n",
       "      <td>-0.171026</td>\n",
       "      <td>-0.436616</td>\n",
       "    </tr>\n",
       "    <tr>\n",
       "      <th>FT_PCT_away</th>\n",
       "      <td>0.033366</td>\n",
       "      <td>0.016042</td>\n",
       "      <td>-0.018476</td>\n",
       "      <td>0.066808</td>\n",
       "      <td>0.016042</td>\n",
       "      <td>0.069504</td>\n",
       "      <td>0.030386</td>\n",
       "      <td>0.036861</td>\n",
       "      <td>0.015199</td>\n",
       "      <td>0.026035</td>\n",
       "      <td>-0.115795</td>\n",
       "      <td>-0.018476</td>\n",
       "      <td>0.201684</td>\n",
       "      <td>0.038309</td>\n",
       "      <td>1.000000</td>\n",
       "      <td>0.031278</td>\n",
       "      <td>0.029563</td>\n",
       "      <td>-0.038057</td>\n",
       "      <td>-0.106917</td>\n",
       "    </tr>\n",
       "    <tr>\n",
       "      <th>FG3_PCT_away</th>\n",
       "      <td>-0.002642</td>\n",
       "      <td>0.015525</td>\n",
       "      <td>-0.022625</td>\n",
       "      <td>0.020564</td>\n",
       "      <td>0.015525</td>\n",
       "      <td>0.057260</td>\n",
       "      <td>0.014223</td>\n",
       "      <td>0.021528</td>\n",
       "      <td>-0.001993</td>\n",
       "      <td>-0.006692</td>\n",
       "      <td>-0.205682</td>\n",
       "      <td>-0.022625</td>\n",
       "      <td>0.409656</td>\n",
       "      <td>0.435279</td>\n",
       "      <td>0.031278</td>\n",
       "      <td>1.000000</td>\n",
       "      <td>0.320075</td>\n",
       "      <td>-0.094666</td>\n",
       "      <td>-0.290396</td>\n",
       "    </tr>\n",
       "    <tr>\n",
       "      <th>AST_away</th>\n",
       "      <td>-0.042501</td>\n",
       "      <td>-0.066744</td>\n",
       "      <td>-0.013180</td>\n",
       "      <td>0.255330</td>\n",
       "      <td>-0.066744</td>\n",
       "      <td>0.208445</td>\n",
       "      <td>0.013061</td>\n",
       "      <td>0.029812</td>\n",
       "      <td>-0.002371</td>\n",
       "      <td>0.142278</td>\n",
       "      <td>-0.100354</td>\n",
       "      <td>-0.013180</td>\n",
       "      <td>0.591523</td>\n",
       "      <td>0.524138</td>\n",
       "      <td>0.029563</td>\n",
       "      <td>0.320075</td>\n",
       "      <td>1.000000</td>\n",
       "      <td>0.071461</td>\n",
       "      <td>-0.294976</td>\n",
       "    </tr>\n",
       "    <tr>\n",
       "      <th>REB_away</th>\n",
       "      <td>-0.024355</td>\n",
       "      <td>-0.025784</td>\n",
       "      <td>-0.010262</td>\n",
       "      <td>0.199832</td>\n",
       "      <td>-0.025784</td>\n",
       "      <td>-0.139219</td>\n",
       "      <td>-0.464576</td>\n",
       "      <td>-0.115124</td>\n",
       "      <td>-0.201855</td>\n",
       "      <td>-0.108505</td>\n",
       "      <td>0.068494</td>\n",
       "      <td>-0.010262</td>\n",
       "      <td>0.176835</td>\n",
       "      <td>-0.171026</td>\n",
       "      <td>-0.038057</td>\n",
       "      <td>-0.094666</td>\n",
       "      <td>0.071461</td>\n",
       "      <td>1.000000</td>\n",
       "      <td>-0.253673</td>\n",
       "    </tr>\n",
       "    <tr>\n",
       "      <th>HOME_TEAM_WINS</th>\n",
       "      <td>0.030402</td>\n",
       "      <td>-0.023604</td>\n",
       "      <td>0.030571</td>\n",
       "      <td>-0.028197</td>\n",
       "      <td>-0.023604</td>\n",
       "      <td>0.398901</td>\n",
       "      <td>0.433626</td>\n",
       "      <td>0.092710</td>\n",
       "      <td>0.300804</td>\n",
       "      <td>0.303889</td>\n",
       "      <td>0.246358</td>\n",
       "      <td>0.030571</td>\n",
       "      <td>-0.415491</td>\n",
       "      <td>-0.436616</td>\n",
       "      <td>-0.106917</td>\n",
       "      <td>-0.290396</td>\n",
       "      <td>-0.294976</td>\n",
       "      <td>-0.253673</td>\n",
       "      <td>1.000000</td>\n",
       "    </tr>\n",
       "  </tbody>\n",
       "</table>\n",
       "</div>"
      ],
      "text/plain": [
       "                  GAME_ID  HOME_TEAM_ID  VISITOR_TEAM_ID    SEASON  \\\n",
       "GAME_ID          1.000000     -0.026348        -0.031471  0.095721   \n",
       "HOME_TEAM_ID    -0.026348      1.000000        -0.045911  0.000461   \n",
       "VISITOR_TEAM_ID -0.031471     -0.045911         1.000000  0.002195   \n",
       "SEASON           0.095721      0.000461         0.002195  1.000000   \n",
       "TEAM_ID_home    -0.026348      1.000000        -0.045911  0.000461   \n",
       "PTS_home         0.033727     -0.024372        -0.000120  0.345022   \n",
       "FG_PCT_home      0.018384     -0.008239         0.035072  0.039355   \n",
       "FT_PCT_home      0.036256     -0.009983         0.004108  0.065950   \n",
       "FG3_PCT_home    -0.004041      0.002748         0.017292  0.024126   \n",
       "AST_home        -0.032486     -0.097061         0.018287  0.192337   \n",
       "REB_home        -0.006294     -0.026674        -0.002759  0.162529   \n",
       "TEAM_ID_away    -0.031471     -0.045911         1.000000  0.002195   \n",
       "PTS_away         0.004002     -0.006496        -0.032583  0.378888   \n",
       "FG_PCT_away      0.005716      0.022197        -0.026651  0.073299   \n",
       "FT_PCT_away      0.033366      0.016042        -0.018476  0.066808   \n",
       "FG3_PCT_away    -0.002642      0.015525        -0.022625  0.020564   \n",
       "AST_away        -0.042501     -0.066744        -0.013180  0.255330   \n",
       "REB_away        -0.024355     -0.025784        -0.010262  0.199832   \n",
       "HOME_TEAM_WINS   0.030402     -0.023604         0.030571 -0.028197   \n",
       "\n",
       "                 TEAM_ID_home  PTS_home  FG_PCT_home  FT_PCT_home  \\\n",
       "GAME_ID             -0.026348  0.033727     0.018384     0.036256   \n",
       "HOME_TEAM_ID         1.000000 -0.024372    -0.008239    -0.009983   \n",
       "VISITOR_TEAM_ID     -0.045911 -0.000120     0.035072     0.004108   \n",
       "SEASON               0.000461  0.345022     0.039355     0.065950   \n",
       "TEAM_ID_home         1.000000 -0.024372    -0.008239    -0.009983   \n",
       "PTS_home            -0.024372  1.000000     0.661964     0.184323   \n",
       "FG_PCT_home         -0.008239  0.661964     1.000000     0.018565   \n",
       "FT_PCT_home         -0.009983  0.184323     0.018565     1.000000   \n",
       "FG3_PCT_home         0.002748  0.423277     0.449595     0.028656   \n",
       "AST_home            -0.097061  0.601088     0.549268     0.018711   \n",
       "REB_home            -0.026674  0.163020    -0.188445    -0.052373   \n",
       "TEAM_ID_away        -0.045911 -0.000120     0.035072     0.004108   \n",
       "PTS_away            -0.006496  0.483321     0.114863     0.075251   \n",
       "FG_PCT_away          0.022197  0.128207     0.039905     0.046824   \n",
       "FT_PCT_away          0.016042  0.069504     0.030386     0.036861   \n",
       "FG3_PCT_away         0.015525  0.057260     0.014223     0.021528   \n",
       "AST_away            -0.066744  0.208445     0.013061     0.029812   \n",
       "REB_away            -0.025784 -0.139219    -0.464576    -0.115124   \n",
       "HOME_TEAM_WINS      -0.023604  0.398901     0.433626     0.092710   \n",
       "\n",
       "                 FG3_PCT_home  AST_home  REB_home  TEAM_ID_away  PTS_away  \\\n",
       "GAME_ID             -0.004041 -0.032486 -0.006294     -0.031471  0.004002   \n",
       "HOME_TEAM_ID         0.002748 -0.097061 -0.026674     -0.045911 -0.006496   \n",
       "VISITOR_TEAM_ID      0.017292  0.018287 -0.002759      1.000000 -0.032583   \n",
       "SEASON               0.024126  0.192337  0.162529      0.002195  0.378888   \n",
       "TEAM_ID_home         0.002748 -0.097061 -0.026674     -0.045911 -0.006496   \n",
       "PTS_home             0.423277  0.601088  0.163020     -0.000120  0.483321   \n",
       "FG_PCT_home          0.449595  0.549268 -0.188445      0.035072  0.114863   \n",
       "FT_PCT_home          0.028656  0.018711 -0.052373      0.004108  0.075251   \n",
       "FG3_PCT_home         1.000000  0.351811 -0.087723      0.017292  0.046740   \n",
       "AST_home             0.351811  1.000000  0.066332      0.018287  0.183636   \n",
       "REB_home            -0.087723  0.066332  1.000000     -0.002759 -0.152464   \n",
       "TEAM_ID_away         0.017292  0.018287 -0.002759      1.000000 -0.032583   \n",
       "PTS_away             0.046740  0.183636 -0.152464     -0.032583  1.000000   \n",
       "FG_PCT_away          0.008265  0.006043 -0.474556     -0.026651  0.669054   \n",
       "FT_PCT_away          0.015199  0.026035 -0.115795     -0.018476  0.201684   \n",
       "FG3_PCT_away        -0.001993 -0.006692 -0.205682     -0.022625  0.409656   \n",
       "AST_away            -0.002371  0.142278 -0.100354     -0.013180  0.591523   \n",
       "REB_away            -0.201855 -0.108505  0.068494     -0.010262  0.176835   \n",
       "HOME_TEAM_WINS       0.300804  0.303889  0.246358      0.030571 -0.415491   \n",
       "\n",
       "                 FG_PCT_away  FT_PCT_away  FG3_PCT_away  AST_away  REB_away  \\\n",
       "GAME_ID             0.005716     0.033366     -0.002642 -0.042501 -0.024355   \n",
       "HOME_TEAM_ID        0.022197     0.016042      0.015525 -0.066744 -0.025784   \n",
       "VISITOR_TEAM_ID    -0.026651    -0.018476     -0.022625 -0.013180 -0.010262   \n",
       "SEASON              0.073299     0.066808      0.020564  0.255330  0.199832   \n",
       "TEAM_ID_home        0.022197     0.016042      0.015525 -0.066744 -0.025784   \n",
       "PTS_home            0.128207     0.069504      0.057260  0.208445 -0.139219   \n",
       "FG_PCT_home         0.039905     0.030386      0.014223  0.013061 -0.464576   \n",
       "FT_PCT_home         0.046824     0.036861      0.021528  0.029812 -0.115124   \n",
       "FG3_PCT_home        0.008265     0.015199     -0.001993 -0.002371 -0.201855   \n",
       "AST_home            0.006043     0.026035     -0.006692  0.142278 -0.108505   \n",
       "REB_home           -0.474556    -0.115795     -0.205682 -0.100354  0.068494   \n",
       "TEAM_ID_away       -0.026651    -0.018476     -0.022625 -0.013180 -0.010262   \n",
       "PTS_away            0.669054     0.201684      0.409656  0.591523  0.176835   \n",
       "FG_PCT_away         1.000000     0.038309      0.435279  0.524138 -0.171026   \n",
       "FT_PCT_away         0.038309     1.000000      0.031278  0.029563 -0.038057   \n",
       "FG3_PCT_away        0.435279     0.031278      1.000000  0.320075 -0.094666   \n",
       "AST_away            0.524138     0.029563      0.320075  1.000000  0.071461   \n",
       "REB_away           -0.171026    -0.038057     -0.094666  0.071461  1.000000   \n",
       "HOME_TEAM_WINS     -0.436616    -0.106917     -0.290396 -0.294976 -0.253673   \n",
       "\n",
       "                 HOME_TEAM_WINS  \n",
       "GAME_ID                0.030402  \n",
       "HOME_TEAM_ID          -0.023604  \n",
       "VISITOR_TEAM_ID        0.030571  \n",
       "SEASON                -0.028197  \n",
       "TEAM_ID_home          -0.023604  \n",
       "PTS_home               0.398901  \n",
       "FG_PCT_home            0.433626  \n",
       "FT_PCT_home            0.092710  \n",
       "FG3_PCT_home           0.300804  \n",
       "AST_home               0.303889  \n",
       "REB_home               0.246358  \n",
       "TEAM_ID_away           0.030571  \n",
       "PTS_away              -0.415491  \n",
       "FG_PCT_away           -0.436616  \n",
       "FT_PCT_away           -0.106917  \n",
       "FG3_PCT_away          -0.290396  \n",
       "AST_away              -0.294976  \n",
       "REB_away              -0.253673  \n",
       "HOME_TEAM_WINS         1.000000  "
      ]
     },
     "execution_count": 39,
     "metadata": {},
     "output_type": "execute_result"
    }
   ],
   "source": [
    "games_columns = games.columns \n",
    "players_columns = players.columns \n",
    "rankings_columns = rankings.columns \n",
    "teams_columns = teams.columns"
   ]
  },
  {
   "cell_type": "code",
   "execution_count": 100,
   "metadata": {},
   "outputs": [
    {
     "data": {
      "text/html": [
       "<div>\n",
       "<style scoped>\n",
       "    .dataframe tbody tr th:only-of-type {\n",
       "        vertical-align: middle;\n",
       "    }\n",
       "\n",
       "    .dataframe tbody tr th {\n",
       "        vertical-align: top;\n",
       "    }\n",
       "\n",
       "    .dataframe thead th {\n",
       "        text-align: right;\n",
       "    }\n",
       "</style>\n",
       "<table border=\"1\" class=\"dataframe\">\n",
       "  <thead>\n",
       "    <tr style=\"text-align: right;\">\n",
       "      <th></th>\n",
       "      <th>LEAGUE_ID</th>\n",
       "      <th>TEAM_ID</th>\n",
       "      <th>MIN_YEAR</th>\n",
       "      <th>MAX_YEAR</th>\n",
       "      <th>ABBREVIATION</th>\n",
       "      <th>NICKNAME</th>\n",
       "      <th>YEARFOUNDED</th>\n",
       "      <th>CITY</th>\n",
       "      <th>ARENA</th>\n",
       "      <th>ARENACAPACITY</th>\n",
       "      <th>OWNER</th>\n",
       "      <th>GENERALMANAGER</th>\n",
       "      <th>HEADCOACH</th>\n",
       "      <th>DLEAGUEAFFILIATION</th>\n",
       "    </tr>\n",
       "  </thead>\n",
       "  <tbody>\n",
       "    <tr>\n",
       "      <th>0</th>\n",
       "      <td>0</td>\n",
       "      <td>1610612737</td>\n",
       "      <td>1949</td>\n",
       "      <td>2019</td>\n",
       "      <td>ATL</td>\n",
       "      <td>Hawks</td>\n",
       "      <td>1949</td>\n",
       "      <td>Atlanta</td>\n",
       "      <td>State Farm Arena</td>\n",
       "      <td>18729.0</td>\n",
       "      <td>Tony Ressler</td>\n",
       "      <td>Travis Schlenk</td>\n",
       "      <td>Lloyd Pierce</td>\n",
       "      <td>Erie Bayhawks</td>\n",
       "    </tr>\n",
       "    <tr>\n",
       "      <th>1</th>\n",
       "      <td>0</td>\n",
       "      <td>1610612738</td>\n",
       "      <td>1946</td>\n",
       "      <td>2019</td>\n",
       "      <td>BOS</td>\n",
       "      <td>Celtics</td>\n",
       "      <td>1946</td>\n",
       "      <td>Boston</td>\n",
       "      <td>TD Garden</td>\n",
       "      <td>18624.0</td>\n",
       "      <td>Wyc Grousbeck</td>\n",
       "      <td>Danny Ainge</td>\n",
       "      <td>Brad Stevens</td>\n",
       "      <td>Maine Red Claws</td>\n",
       "    </tr>\n",
       "    <tr>\n",
       "      <th>2</th>\n",
       "      <td>0</td>\n",
       "      <td>1610612740</td>\n",
       "      <td>2002</td>\n",
       "      <td>2019</td>\n",
       "      <td>NOP</td>\n",
       "      <td>Pelicans</td>\n",
       "      <td>2002</td>\n",
       "      <td>New Orleans</td>\n",
       "      <td>Smoothie King Center</td>\n",
       "      <td>NaN</td>\n",
       "      <td>Tom Benson</td>\n",
       "      <td>Trajan Langdon</td>\n",
       "      <td>Alvin Gentry</td>\n",
       "      <td>No Affiliate</td>\n",
       "    </tr>\n",
       "    <tr>\n",
       "      <th>3</th>\n",
       "      <td>0</td>\n",
       "      <td>1610612741</td>\n",
       "      <td>1966</td>\n",
       "      <td>2019</td>\n",
       "      <td>CHI</td>\n",
       "      <td>Bulls</td>\n",
       "      <td>1966</td>\n",
       "      <td>Chicago</td>\n",
       "      <td>United Center</td>\n",
       "      <td>21711.0</td>\n",
       "      <td>Jerry Reinsdorf</td>\n",
       "      <td>Gar Forman</td>\n",
       "      <td>Jim Boylen</td>\n",
       "      <td>Windy City Bulls</td>\n",
       "    </tr>\n",
       "    <tr>\n",
       "      <th>4</th>\n",
       "      <td>0</td>\n",
       "      <td>1610612742</td>\n",
       "      <td>1980</td>\n",
       "      <td>2019</td>\n",
       "      <td>DAL</td>\n",
       "      <td>Mavericks</td>\n",
       "      <td>1980</td>\n",
       "      <td>Dallas</td>\n",
       "      <td>American Airlines Center</td>\n",
       "      <td>19200.0</td>\n",
       "      <td>Mark Cuban</td>\n",
       "      <td>Donnie Nelson</td>\n",
       "      <td>Rick Carlisle</td>\n",
       "      <td>Texas Legends</td>\n",
       "    </tr>\n",
       "    <tr>\n",
       "      <th>5</th>\n",
       "      <td>0</td>\n",
       "      <td>1610612743</td>\n",
       "      <td>1976</td>\n",
       "      <td>2019</td>\n",
       "      <td>DEN</td>\n",
       "      <td>Nuggets</td>\n",
       "      <td>1976</td>\n",
       "      <td>Denver</td>\n",
       "      <td>Pepsi Center</td>\n",
       "      <td>19099.0</td>\n",
       "      <td>Stan Kroenke</td>\n",
       "      <td>Tim Connelly</td>\n",
       "      <td>Michael Malone</td>\n",
       "      <td>No Affiliate</td>\n",
       "    </tr>\n",
       "    <tr>\n",
       "      <th>6</th>\n",
       "      <td>0</td>\n",
       "      <td>1610612745</td>\n",
       "      <td>1967</td>\n",
       "      <td>2019</td>\n",
       "      <td>HOU</td>\n",
       "      <td>Rockets</td>\n",
       "      <td>1967</td>\n",
       "      <td>Houston</td>\n",
       "      <td>Toyota Center</td>\n",
       "      <td>18104.0</td>\n",
       "      <td>Tilman Fertitta</td>\n",
       "      <td>Daryl Morey</td>\n",
       "      <td>Mike D'Antoni</td>\n",
       "      <td>Rio Grande Valley Vipers</td>\n",
       "    </tr>\n",
       "    <tr>\n",
       "      <th>7</th>\n",
       "      <td>0</td>\n",
       "      <td>1610612746</td>\n",
       "      <td>1970</td>\n",
       "      <td>2019</td>\n",
       "      <td>LAC</td>\n",
       "      <td>Clippers</td>\n",
       "      <td>1970</td>\n",
       "      <td>Los Angeles</td>\n",
       "      <td>Staples Center</td>\n",
       "      <td>19060.0</td>\n",
       "      <td>Steve Ballmer</td>\n",
       "      <td>Michael Winger</td>\n",
       "      <td>Doc Rivers</td>\n",
       "      <td>Agua Caliente Clippers of Ontario</td>\n",
       "    </tr>\n",
       "    <tr>\n",
       "      <th>8</th>\n",
       "      <td>0</td>\n",
       "      <td>1610612747</td>\n",
       "      <td>1948</td>\n",
       "      <td>2019</td>\n",
       "      <td>LAL</td>\n",
       "      <td>Lakers</td>\n",
       "      <td>1948</td>\n",
       "      <td>Los Angeles</td>\n",
       "      <td>Staples Center</td>\n",
       "      <td>19060.0</td>\n",
       "      <td>Jerry Buss Family Trust</td>\n",
       "      <td>Rob Pelinka</td>\n",
       "      <td>Frank Vogel</td>\n",
       "      <td>South Bay Lakers</td>\n",
       "    </tr>\n",
       "    <tr>\n",
       "      <th>9</th>\n",
       "      <td>0</td>\n",
       "      <td>1610612748</td>\n",
       "      <td>1988</td>\n",
       "      <td>2019</td>\n",
       "      <td>MIA</td>\n",
       "      <td>Heat</td>\n",
       "      <td>1988</td>\n",
       "      <td>Miami</td>\n",
       "      <td>AmericanAirlines Arena</td>\n",
       "      <td>19600.0</td>\n",
       "      <td>Micky Arison</td>\n",
       "      <td>Pat Riley</td>\n",
       "      <td>Erik Spoelstra</td>\n",
       "      <td>Sioux Falls Skyforce</td>\n",
       "    </tr>\n",
       "    <tr>\n",
       "      <th>10</th>\n",
       "      <td>0</td>\n",
       "      <td>1610612749</td>\n",
       "      <td>1968</td>\n",
       "      <td>2019</td>\n",
       "      <td>MIL</td>\n",
       "      <td>Bucks</td>\n",
       "      <td>1968</td>\n",
       "      <td>Milwaukee</td>\n",
       "      <td>Fiserv Forum</td>\n",
       "      <td>17500.0</td>\n",
       "      <td>Wesley Edens &amp; Marc Lasry</td>\n",
       "      <td>Jon Horst</td>\n",
       "      <td>Mike Budenholzer</td>\n",
       "      <td>Wisconsin Herd</td>\n",
       "    </tr>\n",
       "    <tr>\n",
       "      <th>11</th>\n",
       "      <td>0</td>\n",
       "      <td>1610612750</td>\n",
       "      <td>1989</td>\n",
       "      <td>2019</td>\n",
       "      <td>MIN</td>\n",
       "      <td>Timberwolves</td>\n",
       "      <td>1989</td>\n",
       "      <td>Minnesota</td>\n",
       "      <td>Target Center</td>\n",
       "      <td>19356.0</td>\n",
       "      <td>Glen Taylor</td>\n",
       "      <td>Scott Layden</td>\n",
       "      <td>Ryan Saunders</td>\n",
       "      <td>Iowa Wolves</td>\n",
       "    </tr>\n",
       "    <tr>\n",
       "      <th>12</th>\n",
       "      <td>0</td>\n",
       "      <td>1610612751</td>\n",
       "      <td>1976</td>\n",
       "      <td>2019</td>\n",
       "      <td>BKN</td>\n",
       "      <td>Nets</td>\n",
       "      <td>1976</td>\n",
       "      <td>Brooklyn</td>\n",
       "      <td>Barclays Center</td>\n",
       "      <td>NaN</td>\n",
       "      <td>Joe Tsai</td>\n",
       "      <td>Sean Marks</td>\n",
       "      <td>Kenny Atkinson</td>\n",
       "      <td>Long Island Nets</td>\n",
       "    </tr>\n",
       "    <tr>\n",
       "      <th>13</th>\n",
       "      <td>0</td>\n",
       "      <td>1610612752</td>\n",
       "      <td>1946</td>\n",
       "      <td>2019</td>\n",
       "      <td>NYK</td>\n",
       "      <td>Knicks</td>\n",
       "      <td>1946</td>\n",
       "      <td>New York</td>\n",
       "      <td>Madison Square Garden</td>\n",
       "      <td>19763.0</td>\n",
       "      <td>Cablevision (James Dolan)</td>\n",
       "      <td>Steve Mills</td>\n",
       "      <td>David Fizdale</td>\n",
       "      <td>Westchester Knicks</td>\n",
       "    </tr>\n",
       "    <tr>\n",
       "      <th>14</th>\n",
       "      <td>0</td>\n",
       "      <td>1610612753</td>\n",
       "      <td>1989</td>\n",
       "      <td>2019</td>\n",
       "      <td>ORL</td>\n",
       "      <td>Magic</td>\n",
       "      <td>1989</td>\n",
       "      <td>Orlando</td>\n",
       "      <td>Amway Center</td>\n",
       "      <td>0.0</td>\n",
       "      <td>Rick DeVos</td>\n",
       "      <td>John Hammond</td>\n",
       "      <td>Steve Clifford</td>\n",
       "      <td>Lakeland Magic</td>\n",
       "    </tr>\n",
       "    <tr>\n",
       "      <th>15</th>\n",
       "      <td>0</td>\n",
       "      <td>1610612754</td>\n",
       "      <td>1976</td>\n",
       "      <td>2019</td>\n",
       "      <td>IND</td>\n",
       "      <td>Pacers</td>\n",
       "      <td>1976</td>\n",
       "      <td>Indiana</td>\n",
       "      <td>Bankers Life Fieldhouse</td>\n",
       "      <td>18345.0</td>\n",
       "      <td>Herb Simon</td>\n",
       "      <td>Kevin Pritchard</td>\n",
       "      <td>Nate McMillan</td>\n",
       "      <td>Fort Wayne Mad Ants</td>\n",
       "    </tr>\n",
       "    <tr>\n",
       "      <th>16</th>\n",
       "      <td>0</td>\n",
       "      <td>1610612755</td>\n",
       "      <td>1949</td>\n",
       "      <td>2019</td>\n",
       "      <td>PHI</td>\n",
       "      <td>76ers</td>\n",
       "      <td>1949</td>\n",
       "      <td>Philadelphia</td>\n",
       "      <td>Wells Fargo Center</td>\n",
       "      <td>NaN</td>\n",
       "      <td>Joshua Harris</td>\n",
       "      <td>Elton Brand</td>\n",
       "      <td>Brett Brown</td>\n",
       "      <td>Delaware Blue Coats</td>\n",
       "    </tr>\n",
       "    <tr>\n",
       "      <th>17</th>\n",
       "      <td>0</td>\n",
       "      <td>1610612756</td>\n",
       "      <td>1968</td>\n",
       "      <td>2019</td>\n",
       "      <td>PHX</td>\n",
       "      <td>Suns</td>\n",
       "      <td>1968</td>\n",
       "      <td>Phoenix</td>\n",
       "      <td>Talking Stick Resort Arena</td>\n",
       "      <td>NaN</td>\n",
       "      <td>Robert Sarver</td>\n",
       "      <td>James Jones</td>\n",
       "      <td>Monty Williams</td>\n",
       "      <td>Northern Arizona Suns</td>\n",
       "    </tr>\n",
       "    <tr>\n",
       "      <th>18</th>\n",
       "      <td>0</td>\n",
       "      <td>1610612757</td>\n",
       "      <td>1970</td>\n",
       "      <td>2019</td>\n",
       "      <td>POR</td>\n",
       "      <td>Trail Blazers</td>\n",
       "      <td>1970</td>\n",
       "      <td>Portland</td>\n",
       "      <td>Moda Center</td>\n",
       "      <td>19980.0</td>\n",
       "      <td>Paul Allen</td>\n",
       "      <td>Neil Olshey</td>\n",
       "      <td>Terry Stotts</td>\n",
       "      <td>No Affiliate</td>\n",
       "    </tr>\n",
       "    <tr>\n",
       "      <th>19</th>\n",
       "      <td>0</td>\n",
       "      <td>1610612758</td>\n",
       "      <td>1948</td>\n",
       "      <td>2019</td>\n",
       "      <td>SAC</td>\n",
       "      <td>Kings</td>\n",
       "      <td>1948</td>\n",
       "      <td>Sacramento</td>\n",
       "      <td>Golden 1 Center</td>\n",
       "      <td>17500.0</td>\n",
       "      <td>Vivek Ranadive</td>\n",
       "      <td>Vlade Divac</td>\n",
       "      <td>Luke Walton</td>\n",
       "      <td>Stockton Kings</td>\n",
       "    </tr>\n",
       "    <tr>\n",
       "      <th>20</th>\n",
       "      <td>0</td>\n",
       "      <td>1610612759</td>\n",
       "      <td>1976</td>\n",
       "      <td>2019</td>\n",
       "      <td>SAS</td>\n",
       "      <td>Spurs</td>\n",
       "      <td>1976</td>\n",
       "      <td>San Antonio</td>\n",
       "      <td>AT&amp;T Center</td>\n",
       "      <td>18694.0</td>\n",
       "      <td>Peter Holt</td>\n",
       "      <td>Brian Wright</td>\n",
       "      <td>Gregg Popovich</td>\n",
       "      <td>Austin Spurs</td>\n",
       "    </tr>\n",
       "    <tr>\n",
       "      <th>21</th>\n",
       "      <td>0</td>\n",
       "      <td>1610612760</td>\n",
       "      <td>1967</td>\n",
       "      <td>2019</td>\n",
       "      <td>OKC</td>\n",
       "      <td>Thunder</td>\n",
       "      <td>1967</td>\n",
       "      <td>Oklahoma City</td>\n",
       "      <td>Chesapeake Energy Arena</td>\n",
       "      <td>19163.0</td>\n",
       "      <td>Clay Bennett</td>\n",
       "      <td>Sam Presti</td>\n",
       "      <td>Billy Donovan</td>\n",
       "      <td>Oklahoma City Blue</td>\n",
       "    </tr>\n",
       "    <tr>\n",
       "      <th>22</th>\n",
       "      <td>0</td>\n",
       "      <td>1610612761</td>\n",
       "      <td>1995</td>\n",
       "      <td>2019</td>\n",
       "      <td>TOR</td>\n",
       "      <td>Raptors</td>\n",
       "      <td>1995</td>\n",
       "      <td>Toronto</td>\n",
       "      <td>Scotiabank Arena</td>\n",
       "      <td>19800.0</td>\n",
       "      <td>Maple Leaf Sports and Entertainment</td>\n",
